    [-88.14609612300504, 34.10529176418257, 0.0, 'EF0'],
    [-88.10682839525322, 34.12402474832501, 0.23, 'EF0'],
    [-88.1001955860208, 34.12776052086917, 0.25, 'EF1'],
    [-88.0787400721688, 34.13765198097389, 0.27, 'EF1'],
    [-88.07345598716508, 34.14058775585335, 0.31, 'EF1'],
    [-88.04569582357897, 34.15366191942672, 0.39, 'EF2'],
    [-88.03048252470177, 34.16131346183158, 0.42, 'EF2'],
    [-87.99878815204096, 34.17615418571879, 0.44, 'EF2'],
    [-87.9848426280702, 34.18209465574741, 0.47, 'EF3'],
    [-87.97102798845488, 34.18862488670307, 0.55, 'EF3'],
    [-87.96569512011828, 34.19156241616163, 0.6, 'EF3'],
    [-87.95826813836798, 34.19494042765385, 0.66, 'EF4'],
    [-87.94567249032622, 34.20203075542858, 0.71, 'EF4'],
    [-87.93014280554357, 34.21235473726318, 0.69, 'EF4'],
    [-87.91903755293364, 34.2220334702331, 0.79, 'EF5'],
    [-87.89581058315652, 34.24332668276693, 0.7, 'EF5'],
    [-87.879045, 34.253717, 0.8, 'EF5'],
    [-87.86435522862621, 34.26203889984212, 0.88, 'EF4'],
    [-87.857045, 34.266484, 1.08, 'EF4'],
    [-87.84890644382294, 34.27028245291898, 1.06, 'EF4'],
    [-87.83144186439182, 34.27819495030642, 1.06, 'EF3'],
    [-87.81778124770716, 34.28526785896994, 0.8, 'EF3'],
    [-87.80795832853843, 34.29172034761655, 1, 'EF3'],
    [-87.79359692809138, 34.30462532490979, 0.79, 'EF2'],
    [-87.78804971610974, 34.3084967749201, 0.82, 'EF2'],
    [-87.77946309322809, 34.31273013753396, 0.91, 'EF2'],
    [-87.7642497943509, 34.31809919542871, 0.60, 'EF1'],
    [-87.74650094566083, 34.32534022843366, 0.7, 'EF1'],
    [-87.72499755558435, 34.33624251927822, 0.81, 'EF2'],
    [-87.71326908736941, 34.34327364166616, 0.95, 'EF2'],
    [-87.69198662468423, 34.35492990750564, 1.19, 'EF3'],
    [-87.68171354107733, 34.35972409228589, 1.02, 'EF3'],
    [-87.631264951558, 34.38140993980453, 0.96, 'EF3'],
    [-87.62530199761999, 34.38478086629157, 0.78, 'EF2'],
    [-87.59084890142854, 34.40657464552633, 0.88, 'EF2'],
    [-87.58245045491952, 34.41238188530829, 0.86, 'EF2'],
    [-87.54844379099836, 34.43432034670678, 0.8, 'EF1'],
    [-87.51755224173834, 34.45367781264664, 0.71, 'EF1'],
    [-87.48129705692067, 34.47755202063911, 0.8, 'EF2'],
    [-87.46074351070963, 34.49030490603208, 0.9, 'EF2'],
    [-87.37250734826316, 34.52437917487951, 0.61, 'EF3'],
    [-87.34481822779549, 34.53479032786328, 0.8, 'EF3'],
    [-87.3364920930465, 34.53810009901847, 0.75, 'EF3'],
    [-87.32392794975843, 34.54268173079545, 0.76, 'EF4'],
    [-87.30657960575903, 34.54913290151865, 0.64, 'EF4'],
    [-87.28361071885739, 34.55785796492447, 0.61, 'EF4'],
    [-87.25967538159064, 34.56732143444658, 0.7, 'EF3'],
    [-87.24601412687883, 34.57316870592501, 0.77, 'EF3'],
    [-87.22671323402339, 34.58270275673121, 0.87, 'EF2'],
    [-87.21405379254963, 34.58983520837895, 0.89, 'EF2'],
    [-87.19126440481092, 34.60014755034574, 0.87, 'EF1'],
    [-87.17460357850422, 34.60915971476142, 0.84, 'EF1'],
    [-87.16332448870176, 34.61434653452648, 0.82, 'EF1'],
    [-87.11767003353539, 34.63821898793987, 0.75, 'EF2'],
    [-87.10250551799106, 34.64538334057447, 0.74, 'EF2'],
    [-87.0971159243083, 34.64839833078837, 0.72, 'EF2'],
    [-87.02133369918127, 34.68396499902985, 0.56, 'EF1'],
    [-87.00865595011696, 34.68926030654913, 0.51, 'EF1'],
    [-86.99851375086548, 34.69428869931073, 0.48, 'EF1'],
    [-86.98837155161402, 34.69837356909623, 0.44, 'EF0'],
    [-86.97696157745614, 34.70388964679395, 0.43, 'EF0'],
    [-86.95921272876606, 34.71119904950133, 0.64, 'EF1'],
    [-86.93639286528507, 34.72272176036278, 0.78, 'EF1'],
    [-86.93018832247797, 34.72547226683292, 0.84, 'EF2'],
    [-86.92549433466586, 34.72855415372386, 0.89, 'EF2'],
    [-86.9167337441249, 34.73629649063707, 0.94, 'EF3'],
    [-86.90525527212617, 34.74212888399815, 0.76, 'EF3'],
    [-86.88663106504237, 34.75565428130828, 0.57, 'EF2'],
    [-86.86845429898726, 34.76662351200753, 0.34, 'EF1'],
    [-86.85210121538177, 34.77759274270678, 0.19, 'EF1'],
    [-86.84102194583924, 34.78662622681205, 0.38, 'EF0'],
    [-86.83610695562473, 34.78985214640398, 0.34, 'EF0'],
    [-86.8221621545159, 34.79678245221423, 0.42, 'EF1'],
    [-86.81215083961987, 34.8008294363025, 0.42, 'EF1'],
    [-86.77289860085331, 34.82146966550377, 0.44, 'EF1'],
    [-86.76396083464064, 34.82663165642107, 0.49, 'EF0'],
    [-86.75129764411109, 34.83305931621992, 0.38, 'EF0'],
    [-86.74242321976607, 34.83698046710342, 0.35, 'EF0'],
    [-86.72893635543915, 34.84413144280735, 0.28, 'EF0'],
    [-86.71706772163742, 34.84979371887185, 0.24, 'EF0'],
    [-86.68790889878946, 34.86178800690264, 0.3, 'EF0'],
    [-86.67358811882806, 34.86535906885275, 0.21, 'EF0'],
    [-86.6638800666474, 34.86730803294671, 0.14, 'EF0'],
    [-86.63075300319424, 34.87630026957906, 0.0, 'EF0']